Taxon	BCD1	BCD2	BCP1	BCP2	BD1	BD4	BP1	BP4	CD1	CD2	CD3	CD4	CD5	CD8	CP1	CP2	CP3	CP4	CP5	CP8
Bacteria;Acidobacteria;Acidobacteria_Gp3;Gp3;Other;Other	0.0	0.0	0.0	0.0	0.0	0.0	0.0	0.0	0.0	4.40664522099e-05	0.0	0.0	0.0	0.0	0.0	0.0	0.0	0.0	0.0	0.0
Bacteria;Acidobacteria;Acidobacteria_Gp7;Gp7;Other;Other	0.0	0.0	0.0	0.0	0.0	0.0	0.0	0.0	0.0	0.0	0.0	0.0	0.0	0.0	0.0	0.0	3.91343482174e-05	0.0	0.0	0.0
Bacteria;Actinobacteria;Actinobacteria;Actinomycetales;Brevibacteriaceae;Brevibacterium	0.0	0.0	0.0	0.0	0.0	0.0	0.0	0.0	0.0	0.0	0.0	0.0	0.0	0.0	1.71644352901e-05	0.0	0.0	0.0	0.0	0.0
Bacteria;Actinobacteria;Actinobacteria;Actinomycetales;Corynebacteriaceae;Corynebacterium	0.0	0.0	0.0	0.0	0.0	0.0	0.0	0.0	0.0	0.0	0.0	0.0	0.0	0.000174939864422	1.71644352901e-05	0.0	0.0	0.0	0.0	0.000704904652371
Bacteria;Actinobacteria;Actinobacteria;Actinomycetales;Mycobacteriaceae;Mycobacterium	0.0	0.0	0.0	0.0	0.0	0.0	0.0	0.0	3.53907134768e-05	4.40664522099e-05	0.0	0.0	0.0	0.0	0.0	0.0	0.0	0.0	0.0	0.0
Bacteria;Actinobacteria;Actinobacteria;Actinomycetales;Other;Other	0.0	0.0	0.0	0.0	0.0	0.0	0.0	0.0	0.0	0.0	0.0	0.0	0.0	4.37349661054e-05	0.0	0.0	0.0	0.0	0.0	7.42004897232e-05
Bacteria;Actinobacteria;Actinobacteria;Actinomycetales;Promicromonosporaceae;Cellulosimicrobium	0.0	0.0	0.0	0.0	0.0	0.0	0.0	0.0	3.53907134768e-05	0.0	0.0	0.0	0.0	0.0	0.0	0.0	0.0	0.0	0.0	0.0
Bacteria;Actinobacteria;Actinobacteria;Coriobacteriales;Coriobacteriaceae;Asaccharobacter	0.00125407574618	0.0	0.000994381743151	0.0	0.0	0.0	0.0	0.0	3.53907134768e-05	4.40664522099e-05	5.34330750735e-05	2.33852485852e-05	0.000427899015832	4.37349661054e-05	5.14933058702e-05	0.0	0.000117403044652	0.0	8.11754200828e-05	7.42004897232e-05
Bacteria;Actinobacteria;Actinobacteria;Coriobacteriales;Coriobacteriaceae;Enterorhabdus	0.000125407574618	0.0	0.0	0.0	0.0	0.0	0.0	0.0	0.0	4.40664522099e-05	0.00016029922522	4.67704971704e-05	0.0	4.37349661054e-05	0.000154479917611	8.32431532506e-05	0.00015653739287	0.000127334465195	0.0	0.000296801958893
Bacteria;Actinobacteria;Actinobacteria;Coriobacteriales;Coriobacteriaceae;Olsenella	0.0	0.0	4.97190871576e-05	0.0	0.0	0.0	0.0	0.0	0.0	0.0	0.0	0.0	0.0	0.0	0.0	0.0	0.0	0.0	0.0	0.0
Bacteria;Actinobacteria;Actinobacteria;Coriobacteriales;Coriobacteriaceae;Other	0.00050163029847	0.0	0.000696067220206	0.0	0.0	0.0	0.0	0.0	0.000318516421291	0.00022033226105	0.000534330750735	0.00233852485852	0.000142633005277	0.000262409796632	0.000703741846893	0.000541080496129	0.000665283919696	0.00165534804754	0.0	0.000445202938339
Bacteria;Actinobacteria;Actinobacteria;Other;Other;Other	0.0	0.0	0.0	0.0	0.0	0.00492610837438	0.0	0.0	0.0	0.0	0.0	0.0	0.0	0.0	0.0	0.0	0.0	0.0	0.0	0.0
Bacteria;Bacteroidetes;Bacteroidia;Bacteroidales;Bacteroidaceae;Bacteroides	0.0021319287685	0.003003003003	0.000646348133048	0.0	0.0	0.0	0.0	0.0	0.128786806342	0.0757502313489	0.110713331552	0.0023619101071	0.0396519754671	0.0181937458998	0.062186749056	0.0143178223591	0.0253590576449	0.00212224108659	0.0139621722542	0.00163241077391
Bacteria;Bacteroidetes;Bacteroidia;Bacteroidales;Other;Other	0.114120892902	0.0840840840841	0.085516829911	0.0717703349282	0.103139013453	0.12315270936	0.172839506173	0.16935483871	0.0258352208381	0.0449477812541	0.0388458455784	0.0630232449371	0.0296676650977	0.0209490487645	0.00811877789221	0.0130691750604	0.00567448049153	0.0311120543294	0.0099034012501	0.0115010759071
Bacteria;Bacteroidetes;Bacteroidia;Bacteroidales;Porphyromonadaceae;Barnesiella	0.0224479558565	0.021021021021	0.0143688161885	0.0	0.0	0.0246305418719	0.0123456790123	0.0	0.0488037938845	0.0117216762878	0.0258616083356	0.0204153220149	0.00399372414777	0.0065165099497	0.00506350841057	0.00203945725464	0.00277853872344	0.0129881154499	0.000405877100414	0.00155821028419
Bacteria;Bacteroidetes;Bacteroidia;Bacteroidales;Porphyromonadaceae;Odoribacter	0.000125407574618	0.0	9.94381743151e-05	0.0	0.0	0.0	0.0	0.0	0.00173414496036	0.000660996783149	0.000908362276249	0.0	0.0	0.0	0.00113285272915	0.000291351036377	0.000743552616131	0.0	0.0	0.0
Bacteria;Bacteroidetes;Bacteroidia;Bacteroidales;Porphyromonadaceae;Other	0.465763732129	0.477477477477	0.371550738328	0.33014354067	0.399103139013	0.305418719212	0.351851851852	0.338709677419	0.0685164212911	0.186136694135	0.152872027785	0.135447359805	0.0405077734988	0.251694729937	0.0159629248198	0.0492383251478	0.0314640159668	0.0915534804754	0.00763048948778	0.136788602805
Bacteria;Bacteroidetes;Bacteroidia;Bacteroidales;Porphyromonadaceae;Parabacteroides	0.000250815149235	0.0	0.0	0.0	0.0	0.0	0.0	0.0	0.00566251415629	0.00735909751906	0.00390061448036	0.00392872176231	0.000713165026387	0.00109337415264	0.00353587366976	0.00287188878715	0.00121316479474	0.00195246179966	0.000162350840166	3.71002448616e-05
Bacteria;Bacteroidetes;Bacteroidia;Bacteroidales;Porphyromonadaceae;Tannerella	0.0	0.0	0.0	0.0	0.0	0.0	0.0	0.0	0.0	4.40664522099e-05	0.0	0.0	0.0	0.0	0.0	0.0	0.0	0.0	0.0	0.0
Bacteria;Bacteroidetes;Bacteroidia;Bacteroidales;Prevotellaceae;Other	0.0100326059694	0.012012012012	0.00288370705514	0.011961722488	0.0	0.0	0.0	0.0	0.0104756511891	0.0	0.0362810579749	0.0	0.0	0.0	0.00367318915208	0.0	0.0111141548938	0.0	0.0	0.0
Bacteria;Bacteroidetes;Bacteroidia;Bacteroidales;Prevotellaceae;Paraprevotella	0.000125407574618	0.003003003003	0.000149157261473	0.0	0.0	0.0	0.0	0.0	0.00102633069083	0.0	0.0	0.0	0.0	0.0	0.000566426364573	0.0	0.0	0.0	0.0	0.0
Bacteria;Bacteroidetes;Bacteroidia;Bacteroidales;Prevotellaceae;Prevotella	0.0	0.0	0.0	0.0	0.0	0.0	0.0	0.0	0.0	0.00330498391574	0.0	0.0	0.0	0.0	0.0	0.000499458919504	0.0	0.0	0.0	3.71002448616e-05
Bacteria;Bacteroidetes;Bacteroidia;Bacteroidales;Rikenellaceae;Alistipes	0.000877853022323	0.003003003003	0.00159101078904	0.0	0.0	0.0	0.0123456790123	0.0	0.0099093997735	0.00423037941215	0.00678600053433	0.00149665590945	0.0	0.00520446096654	0.0185890834192	0.00615999334055	0.00770946659883	0.0044142614601	0.0	0.0168064109223
Bacteria;Bacteroidetes;Bacteroidia;Bacteroidales;Rikenellaceae;Other	0.000250815149235	0.0	9.94381743151e-05	0.0	0.0	0.0	0.0	0.0	0.000743204983012	0.0	0.0	0.0	0.0	0.000131204898316	0.000274630964641	0.000249729459752	7.82686964349e-05	0.0	0.0	3.71002448616e-05
Bacteria;Bacteroidetes;Bacteroidia;Bacteroidales;Rikenellaceae;Rikenella	0.0	0.0	4.97190871576e-05	0.0	0.0	0.0	0.0	0.0	0.00240656851642	0.00282025294144	0.00213732300294	2.33852485852e-05	0.0	0.0	0.000995537246825	0.00153999833514	0.00109576175009	0.0	0.0	7.42004897232e-05
Bacteria;Bacteroidetes;Other;Other;Other;Other	0.00225733634312	0.003003003003	0.00218763983493	0.00717703349282	0.0	0.00492610837438	0.0123456790123	0.00806451612903	0.0198541902605	0.00581677169171	0.0569062249532	0.000654786960385	0.00627585223221	0.000656024491581	0.00248884311706	0.00183134937151	0.00669197354518	0.00207979626486	0.00340936764348	0.000333902203755
Bacteria;Bacteroidetes;Sphingobacteria;Sphingobacteriales;Cytophagaceae;Spirosoma	0.000125407574618	0.0	0.0	0.0	0.0	0.0	0.0	0.0	0.0	0.0	0.0	0.0	0.0	0.0	0.0	0.0	0.0	0.0	0.0	0.0
Bacteria;Bacteroidetes;Sphingobacteria;Sphingobacteriales;Other;Other	0.0	0.0	0.0	0.0	0.0	0.0	0.0	0.0	0.0	0.0	0.0	0.0	0.0	0.0	0.0	0.0	0.0	4.24448217317e-05	0.0	0.0
Bacteria;Chloroflexi;Thermomicrobia;Sphaerobacterales;Sphaerobacteraceae;Sphaerobacter	0.0	0.0	4.97190871576e-05	0.0	0.0	0.0	0.0	0.0	0.0	0.0	0.0	0.0	0.0	0.0	0.0	0.0	0.0	0.0	0.0	0.0
Bacteria;Cyanobacteria;Cyanobacteria;Chloroplast;Streptophyta;Other	0.0	0.0	0.0	0.0	0.0	0.0	0.0	0.0	0.0	0.0	5.34330750735e-05	0.0	0.0	0.0	3.43288705802e-05	0.0	3.91343482174e-05	0.0	0.0	0.0
Bacteria;Deferribacteres;Deferribacteres;Deferribacterales;Deferribacteraceae;Mucispirillum	0.0	0.0	0.0	0.0	0.0	0.0	0.0	0.0	0.0	0.0	0.000106866150147	0.0006314017118	0.000427899015832	4.37349661054e-05	0.0	0.0	7.82686964349e-05	8.48896434635e-05	0.000243526260248	0.0
Bacteria;Firmicutes;Bacilli;Bacillales;Other;Other	0.000376222723853	0.0	4.97190871576e-05	0.0	0.0	0.0	0.0	0.0	0.0	0.0	0.0	0.0	0.0	0.0	0.0	0.0	0.0	0.0	0.0	0.000111300734585
Bacteria;Firmicutes;Bacilli;Bacillales;Staphylococcaceae;Jeotgalicoccus	0.000125407574618	0.0	0.0	0.0	0.0	0.0	0.0	0.0	0.0	0.0	0.0	0.0	0.0	0.000743494423792	5.14933058702e-05	0.0	0.0	0.0	0.0	0.00103880685613
Bacteria;Firmicutes;Bacilli;Bacillales;Staphylococcaceae;Other	0.000752445447705	0.00600600600601	0.00104410083031	0.00239234449761	0.0	0.0	0.0	0.0	3.53907134768e-05	4.40664522099e-05	0.000534330750735	0.0	0.0	0.00192433850864	1.71644352901e-05	0.0	0.000117403044652	0.0	0.0	0.00478593158715
Bacteria;Firmicutes;Bacilli;Bacillales;Staphylococcaceae;Staphylococcus	0.00050163029847	0.003003003003	0.00109381991747	0.00717703349282	0.0	0.00492610837438	0.0	0.0	7.07814269536e-05	0.0	0.000267165375367	2.33852485852e-05	0.0	0.00188060354253	1.71644352901e-05	0.0	0.000117403044652	0.0	0.0	0.00652964309564
Bacteria;Firmicutes;Bacilli;Lactobacillales;Aerococcaceae;Aerococcus	0.0	0.0	0.0	0.0	0.0	0.0	0.0	0.0	0.0	0.0	0.0	0.0	0.0	0.0	0.0	0.0	0.0	0.0	0.0	3.71002448616e-05
Bacteria;Firmicutes;Bacilli;Lactobacillales;Aerococcaceae;Facklamia	0.0	0.0	0.0	0.0	0.0	0.0	0.0	0.0	0.0	0.0	0.0	0.0	0.0	0.0	0.0	0.0	0.0	0.0	0.0	0.000111300734585
Bacteria;Firmicutes;Bacilli;Lactobacillales;Enterococcaceae;Enterococcus	0.0	0.0	0.0	0.0	0.0	0.0	0.0	0.0	0.0	0.0	0.0	9.35409943408e-05	0.0	4.37349661054e-05	0.0	0.0	0.0	0.0	0.0	7.42004897232e-05
Bacteria;Firmicutes;Bacilli;Lactobacillales;Lactobacillaceae;Lactobacillus	0.118259342864	0.033033033033	0.0656789141351	0.0311004784689	0.0403587443946	0.0541871921182	0.0493827160494	0.0322580645161	0.452965741789	0.487198695633	0.285599786268	0.182989570179	0.336185993439	0.516160069976	0.269927909372	0.149629567968	0.065158689782	0.170755517827	0.221040668885	0.250018550122
Bacteria;Firmicutes;Bacilli;Lactobacillales;Lactobacillaceae;Other	0.000250815149235	0.0	9.94381743151e-05	0.0	0.0	0.0	0.0	0.0	0.000920158550396	0.000705063235359	0.000587763825808	0.00121603292643	0.000285266010555	0.000830964356003	0.000669412976313	0.000790809955881	0.000978358705436	0.001740237691	0.00121763130124	0.000482303183201
Bacteria;Firmicutes;Bacilli;Lactobacillales;Leuconostocaceae;Leuconostoc	0.0	0.0	0.0	0.0	0.0	0.0	0.0	0.0	0.0	0.0	0.0	0.0	0.0	0.0	1.71644352901e-05	0.0	0.0	0.0	0.0	0.0
Bacteria;Firmicutes;Bacilli;Lactobacillales;Other;Other	0.00627037873088	0.0	0.00517078506439	0.0	0.00448430493274	0.00492610837438	0.0	0.0	0.0106526047565	0.00960648658177	0.0125033395672	0.00512136944016	0.00185422906861	0.00848458342445	0.00537246824579	0.00491134604179	0.00289594176809	0.0101867572156	0.0103092783505	0.00396972620019
Bacteria;Firmicutes;Bacilli;Lactobacillales;Streptococcaceae;Streptococcus	0.000250815149235	0.0	9.94381743151e-05	0.0	0.0	0.0	0.0	0.0	0.000212344280861	0.0	0.000267165375367	0.0	0.0	4.37349661054e-05	0.000463439752832	4.16215766253e-05	0.0	0.0	0.0	0.0
Bacteria;Firmicutes;Bacilli;Other;Other;Other	0.00163029847003	0.0	0.00139213444041	0.0	0.0	0.0	0.0	0.0	0.000530860702152	0.00127792711409	0.000908362276249	0.000280622983022	0.000427899015832	0.00170566367811	0.000463439752832	0.000291351036377	0.00015653739287	0.000424448217317	0.00194821008199	0.00148400979446
Bacteria;Firmicutes;Clostridia;Clostridiales;Clostridiaceae;Clostridium	0.0	0.0	0.0	0.0	0.0	0.0	0.0	0.0	3.53907134768e-05	4.40664522099e-05	0.0	0.0	0.0	0.0	1.71644352901e-05	0.0	0.0	0.0	0.0	0.0
Bacteria;Firmicutes;Clostridia;Clostridiales;Clostridiaceae;Other	0.0	0.0	0.0	0.0	0.0	0.0	0.00617283950617	0.0	0.0	0.0	0.00016029922522	0.000140311491511	0.0	0.0	0.0	0.0	0.0	0.000594227504244	0.0	0.0
Bacteria;Firmicutes;Clostridia;Clostridiales;Incertae Sedis XIII;Anaerovorax	0.0	0.0	4.97190871576e-05	0.0	0.0	0.0	0.0	0.0	0.0	0.0	0.0	0.0	0.00114106404222	0.0	0.0	4.16215766253e-05	0.000117403044652	0.0	0.000405877100414	3.71002448616e-05
Bacteria;Firmicutes;Clostridia;Clostridiales;Incertae Sedis XIII;Other	0.0	0.0	0.0	0.0	0.0	0.0	0.0	0.0	0.0	0.0	0.0	0.0	0.0	4.37349661054e-05	0.0	0.0	0.0	0.0	0.0	0.0
Bacteria;Firmicutes;Clostridia;Clostridiales;Incertae Sedis XIV;Blautia	0.000125407574618	0.0	4.97190871576e-05	0.0	0.0	0.0	0.0	0.0	0.000424688561721	0.000837262591989	0.00203045685279	0.000748327954726	0.00057053202111	0.000481084627159	0.000343288705802	0.000208107883127	0.000234806089305	0.00101867572156	0.000730578780745	0.000111300734585
Bacteria;Firmicutes;Clostridia;Clostridiales;Lachnospiraceae;Anaerosporobacter	0.0	0.0	0.0	0.0	0.0	0.0	0.0	0.0	0.0	0.0	0.0	0.0	0.0	0.0	1.71644352901e-05	0.0	0.0	0.0	0.0	0.0
Bacteria;Firmicutes;Clostridia;Clostridiales;Lachnospiraceae;Coprococcus	0.0	0.0	0.0	0.0	0.0	0.0	0.0	0.0	3.53907134768e-05	8.81329044199e-05	5.34330750735e-05	0.0	0.0	0.0	0.000274630964641	0.0	7.82686964349e-05	8.48896434635e-05	8.11754200828e-05	7.42004897232e-05
Bacteria;Firmicutes;Clostridia;Clostridiales;Lachnospiraceae;Dorea	0.00526711813394	0.00900900900901	0.00904887386268	0.0263157894737	0.00896860986547	0.00985221674877	0.0	0.0	0.00499009060023	0.00189485744503	0.00293881912904	0.0173518544502	0.00941377834831	0.00266783293243	0.0150532097494	0.00553566969117	0.00860955660783	0.00823429541596	0.0107151554509	0.0051198337909
Bacteria;Firmicutes;Clostridia;Clostridiales;Lachnospiraceae;Hespellia	0.0	0.0	0.0	0.0	0.0	0.0	0.0	0.0	3.53907134768e-05	0.0	0.0	9.35409943408e-05	0.0	0.0	0.0	0.0	0.0	0.000424448217317	0.0	0.0
Bacteria;Firmicutes;Clostridia;Clostridiales;Lachnospiraceae;Johnsonella	0.0	0.0	0.000149157261473	0.00239234449761	0.00448430493274	0.0	0.00617283950617	0.00806451612903	0.0	0.00017626580884	0.0	9.35409943408e-05	0.000142633005277	0.000262409796632	3.43288705802e-05	0.000124864729876	0.0	0.00025466893039	0.0	0.00178081175336
Bacteria;Firmicutes;Clostridia;Clostridiales;Lachnospiraceae;Marvinbryantia	0.00100326059694	0.0	0.00104410083031	0.00239234449761	0.0	0.0	0.0	0.0	0.00410532276331	4.40664522099e-05	0.000801496126102	0.00203451662691	0.0012836970475	0.000262409796632	0.00629934775146	0.000332972613003	0.00191758306265	0.00191001697793	0.00227291176232	0.00092750612154
Bacteria;Firmicutes;Clostridia;Clostridiales;Lachnospiraceae;Other	0.0897918234261	0.183183183183	0.216079152787	0.215311004785	0.2466367713	0.23645320197	0.154320987654	0.129032258065	0.0823541902605	0.0804653417353	0.100988511889	0.253753332398	0.272001141064	0.0712005248196	0.290645382767	0.551902106052	0.470394865574	0.34117147708	0.359444760127	0.374044668695
Bacteria;Firmicutes;Clostridia;Clostridiales;Lachnospiraceae;Parasporobacterium	0.0	0.0	0.0	0.0	0.0	0.0	0.0	0.0	3.53907134768e-05	0.0	0.0	0.0	0.0	0.0	0.0	0.0	0.0	0.0	0.0	0.0
Bacteria;Firmicutes;Clostridia;Clostridiales;Lachnospiraceae;Robinsoniella	0.000125407574618	0.00600600600601	0.000596629045891	0.00956937799043	0.00896860986547	0.0	0.0	0.0	7.07814269536e-05	0.0	5.34330750735e-05	0.0	0.000427899015832	0.000131204898316	0.000257466529351	8.32431532506e-05	0.000195671741087	0.0	0.00056822794058	0.000259701714031
Bacteria;Firmicutes;Clostridia;Clostridiales;Lachnospiraceae;Roseburia	0.000125407574618	0.0	0.00019887634863	0.0	0.0	0.0	0.0	0.0	0.000212344280861	0.0	0.0	0.00212805762125	0.00057053202111	0.000262409796632	0.000429110882252	0.0	0.0	0.00135823429542	0.000405877100414	0.00248571640573
Bacteria;Firmicutes;Clostridia;Clostridiales;Other;Other	0.0250815149235	0.0960960960961	0.0974494108288	0.138755980861	0.152466367713	0.182266009852	0.0987654320988	0.137096774194	0.0643757078143	0.042612259287	0.0958589366818	0.223773443712	0.165596919127	0.0376995407829	0.174081702712	0.134354449347	0.241654600243	0.210229202037	0.253916714019	0.127179639386
Bacteria;Firmicutes;Clostridia;Clostridiales;Peptostreptococcaceae;Other	0.0	0.0	0.0	0.0	0.0	0.0	0.0	0.0	0.0	0.0	0.0	0.0	0.0	0.0	1.71644352901e-05	0.0	0.0	0.0	0.0	0.0
Bacteria;Firmicutes;Clostridia;Clostridiales;Peptostreptococcaceae;Sporacetigenium	0.0	0.0	0.0	0.0	0.0	0.0	0.0	0.0	0.0	0.0	0.00251135452845	0.00116926242926	0.0	0.0	0.0	0.0	0.00630063006301	0.00331069609508	0.0	0.0
Bacteria;Firmicutes;Clostridia;Clostridiales;Ruminococcaceae;Acetivibrio	0.0	0.0	0.0	0.0	0.0	0.0	0.0	0.0	7.07814269536e-05	0.000528797426519	0.0	4.67704971704e-05	0.000142633005277	4.37349661054e-05	0.000274630964641	0.000499458919504	0.0	8.48896434635e-05	0.0	0.0
Bacteria;Firmicutes;Clostridia;Clostridiales;Ruminococcaceae;Anaerofilum	0.0	0.0	4.97190871576e-05	0.0	0.0	0.0	0.0	0.0	0.0	0.0	0.0	0.0	0.0	0.0	0.0	0.0	0.0	0.0	0.0	0.0
Bacteria;Firmicutes;Clostridia;Clostridiales;Ruminococcaceae;Anaerotruncus	0.000125407574618	0.0	0.000298314522945	0.0	0.0	0.0	0.0	0.0	3.53907134768e-05	0.0	5.34330750735e-05	0.000116926242926	0.0	0.0	0.000171644352901	0.000208107883127	0.000117403044652	4.24448217317e-05	8.11754200828e-05	3.71002448616e-05
Bacteria;Firmicutes;Clostridia;Clostridiales;Ruminococcaceae;Butyricicoccus	0.00050163029847	0.0	0.00104410083031	0.0	0.0	0.0	0.0	0.0	0.00191109852775	0.000572863878729	0.00170985840235	0.00463027921987	0.00185422906861	0.000218674830527	0.00719189838654	0.00149837675851	0.00680937658983	0.003480475382	0.00194821008199	0.00255991689545
Bacteria;Firmicutes;Clostridia;Clostridiales;Ruminococcaceae;Ethanoligenens	0.0	0.0	0.0	0.0	0.0	0.0	0.00617283950617	0.0	0.000141562853907	8.81329044199e-05	0.00016029922522	0.0	0.0	4.37349661054e-05	0.000326124270512	0.000124864729876	0.000273940437522	0.0	0.000243526260248	0.00022260146917
Bacteria;Firmicutes;Clostridia;Clostridiales;Ruminococcaceae;Lactonifactor	0.0	0.0	0.0	0.0	0.0	0.0	0.0	0.0	0.0	0.0	0.0	0.0	0.0	0.0	0.0	0.0	0.0	8.48896434635e-05	0.0	0.0
Bacteria;Firmicutes;Clostridia;Clostridiales;Ruminococcaceae;Oscillibacter	0.00175570604465	0.00600600600601	0.00591657137175	0.0382775119617	0.0134529147982	0.00492610837438	0.0	0.0	0.00353907134768	0.00110166130525	0.00229762222816	0.0113652308124	0.0109827414064	0.000743494423792	0.0183831101957	0.00507783234829	0.0164755605995	0.00666383701188	0.0145304001948	0.00359872375158
Bacteria;Firmicutes;Clostridia;Clostridiales;Ruminococcaceae;Other	0.00476548783547	0.024024024024	0.0231690946154	0.0215311004785	0.00896860986547	0.0197044334975	0.0123456790123	0.0403225806452	0.0180138731597	0.00868109108536	0.0115415442159	0.0415555867359	0.0539152759949	0.00393614694949	0.0627360109852	0.0378340131524	0.0689547215591	0.0423599320883	0.0512216900722	0.0188840246346
Bacteria;Firmicutes;Clostridia;Clostridiales;Ruminococcaceae;Papillibacter	0.0	0.0	0.000298314522945	0.0	0.0	0.0	0.0	0.0	0.00010617214043	4.40664522099e-05	0.0	0.00208128712408	0.000998431036942	4.37349661054e-05	0.000703741846893	0.000166486306501	0.000665283919696	0.000891341256367	0.000405877100414	0.000259701714031
Bacteria;Firmicutes;Clostridia;Clostridiales;Ruminococcaceae;Ruminococcus	0.0	0.0	0.000149157261473	0.0	0.0	0.0197044334975	0.0	0.0	0.00010617214043	0.000440664522099	0.000320598450441	7.01557457556e-05	0.000285266010555	0.0	8.58221764504e-05	8.32431532506e-05	0.00015653739287	0.000424448217317	0.000405877100414	0.0
Bacteria;Firmicutes;Clostridia;Clostridiales;Ruminococcaceae;Sporobacter	0.0	0.0	0.0	0.0	0.0	0.0	0.0	0.0	0.000141562853907	0.0	0.0	0.0	0.00057053202111	0.0	0.000411946446962	0.000166486306501	0.000626149571479	0.0	0.000892929620911	0.0
Bacteria;Firmicutes;Clostridia;Other;Other;Other	0.0	0.0	9.94381743151e-05	0.0	0.0	0.0	0.0	0.00806451612903	0.0	0.00026439871326	0.00016029922522	0.000163696740096	0.0	0.0	1.71644352901e-05	4.16215766253e-05	7.82686964349e-05	0.000127334465195	0.0	0.000148400979446
Bacteria;Firmicutes;Erysipelotrichi;Erysipelotrichales;Erysipelotrichaceae;Allobaculum	0.101329320291	0.012012012012	0.0638393079103	0.0693779904306	0.0	0.0	0.00617283950617	0.0	7.07814269536e-05	0.00017626580884	0.0	0.0	0.0	0.0	3.43288705802e-05	0.0	0.0	0.0	0.0	3.71002448616e-05
Bacteria;Firmicutes;Erysipelotrichi;Erysipelotrichales;Erysipelotrichaceae;Coprobacillus	0.0	0.0	0.0	0.00239234449761	0.0	0.0	0.0	0.0	0.00332672706682	0.0	0.0062516697836	0.000771713203311	0.00142633005277	0.000131204898316	0.00247167868177	0.0	0.000665283919696	0.00110356536503	0.000487052520497	0.0
Bacteria;Firmicutes;Erysipelotrichi;Erysipelotrichales;Erysipelotrichaceae;Holdemania	0.000125407574618	0.0	0.0	0.0	0.0	0.0	0.0	0.0	0.000672423556059	0.00515577490856	0.0016029922522	0.00446658247977	0.0108401084011	0.00844084845834	0.000669412976313	0.00307999667027	0.00015653739287	0.00899830220713	0.00657520902671	0.00838465533873
Bacteria;Firmicutes;Erysipelotrichi;Erysipelotrichales;Erysipelotrichaceae;Other	0.000627037873088	0.0	0.000944662655994	0.0	0.0	0.0	0.0	0.0	0.00010617214043	0.000837262591989	0.000480897675661	0.000163696740096	0.0	0.00183686857643	0.000171644352901	0.000124864729876	3.91343482174e-05	0.00025466893039	0.0	0.000148400979446
Bacteria;Firmicutes;Erysipelotrichi;Erysipelotrichales;Erysipelotrichaceae;Turicibacter	0.0	0.0	0.0	0.0	0.0	0.0	0.0802469135802	0.104838709677	7.07814269536e-05	4.40664522099e-05	0.00235105530323	0.00107572143492	0.0	0.0	0.00010298661174	4.16215766253e-05	0.00226979219661	0.0124363327674	0.0	0.0
Bacteria;Firmicutes;Other;Other;Other;Other	0.0151743165287	0.00900900900901	0.0149654452344	0.00478468899522	0.00448430493274	0.0	0.0	0.00806451612903	0.0128468289921	0.00956242012956	0.0191824739514	0.00750666479585	0.00413635715305	0.00944675267877	0.0127875042911	0.00761674852243	0.00587015223261	0.0166808149406	0.0213491354818	0.00682644505454
Bacteria;Other;Other;Other;Other;Other	0.004263857537	0.00600600600601	0.00646348133048	0.00239234449761	0.0	0.0	0.0123456790123	0.00806451612903	0.00576868629672	0.00414224650773	0.0102591504141	0.00434965623685	0.00185422906861	0.00625410015307	0.00291795399931	0.00183134937151	0.00262200133057	0.00640916808149	0.00211056092215	0.00281961860948
Bacteria;Proteobacteria;Alphaproteobacteria;Rhizobiales;Bradyrhizobiaceae;Balneimonas	0.0	0.0	0.0	0.0	0.0	0.0	0.0	0.0	3.53907134768e-05	0.0	0.0	0.0	0.0	0.0	0.0	0.0	0.0	0.0	0.0	0.0
Bacteria;Proteobacteria;Alphaproteobacteria;Rhodospirillales;Other;Other	0.0	0.0	0.0	0.00239234449761	0.0	0.0	0.0	0.0	0.0	0.0	0.0	0.0	0.0	0.0	0.0	0.0	0.0	0.0	0.0	0.0
Bacteria;Proteobacteria;Betaproteobacteria;Burkholderiales;Alcaligenaceae;Parasutterella	0.000376222723853	0.0	4.97190871576e-05	0.0	0.0	0.0	0.0	0.0	0.00559173272933	0.00017626580884	0.00112209457654	7.01557457556e-05	0.000855798031665	0.0171441067133	0.000823892893924	0.0	7.82686964349e-05	4.24448217317e-05	8.11754200828e-05	0.00471173109743
Bacteria;Proteobacteria;Betaproteobacteria;Burkholderiales;Comamonadaceae;Acidovorax	0.0	0.0	0.0	0.0	0.0	0.0	0.0	0.0	0.0	0.0	0.0	0.0	0.000142633005277	0.0	0.0	0.0	0.0	0.0	0.0	0.0
Bacteria;Proteobacteria;Betaproteobacteria;Burkholderiales;Other;Other	0.0	0.0	4.97190871576e-05	0.0	0.0	0.0	0.0	0.0	7.07814269536e-05	0.0	5.34330750735e-05	0.0	0.0	0.000349879728843	1.71644352901e-05	0.0	0.0	4.24448217317e-05	0.0	0.00022260146917
Bacteria;Proteobacteria;Betaproteobacteria;Other;Other;Other	0.000627037873088	0.0	0.0	0.0	0.0	0.0	0.0	0.0	0.000566251415629	0.0	5.34330750735e-05	0.0	0.0	0.000131204898316	1.71644352901e-05	0.0	0.0	0.0	0.0	0.0
Bacteria;Proteobacteria;Deltaproteobacteria;Desulfovibrionales;Desulfovibrionaceae;Other	0.0	0.0	0.0	0.0	0.0	0.0	0.0	0.0	0.0	0.0	0.0	0.0	0.0	0.0	0.0	0.000208107883127	0.0	0.0	0.0	0.0
Bacteria;Proteobacteria;Deltaproteobacteria;Desulfovibrionales;Other;Other	0.0	0.0	0.00223735892209	0.0	0.00448430493274	0.0	0.0	0.00806451612903	0.000176953567384	0.0	5.34330750735e-05	0.0	0.0	0.0	0.000360453141092	0.000416215766253	7.82686964349e-05	0.0	0.0	0.0
Bacteria;Proteobacteria;Deltaproteobacteria;Other;Other;Other	0.0	0.0	0.0	0.0	0.0	0.0	0.0	0.0	0.0	0.0	0.0	0.0	0.0	0.0	3.43288705802e-05	0.0	0.0	0.0	0.0	0.0
Bacteria;Proteobacteria;Epsilonproteobacteria;Campylobacterales;Helicobacteraceae;Helicobacter	0.0	0.0	9.94381743151e-05	0.0	0.0	0.0	0.0	0.0	3.53907134768e-05	0.0	0.0	0.0	0.0	0.0	6.86577411603e-05	0.0	0.0	0.0	0.0	0.0
Bacteria;Proteobacteria;Gammaproteobacteria;Enterobacteriales;Enterobacteriaceae;Other	0.0	0.0	0.0	0.0	0.0	0.0	0.0	0.0	0.0	0.0	0.0	2.33852485852e-05	0.000142633005277	0.00126831401706	0.0	0.0	0.0	0.0	0.0	7.42004897232e-05
Bacteria;Proteobacteria;Gammaproteobacteria;Other;Other;Other	0.0	0.0	0.0	0.0	0.0	0.0	0.0	0.0	0.0	0.0	0.0	0.0	0.0	0.0	1.71644352901e-05	0.0	0.0	0.0	0.0	0.0
Bacteria;Proteobacteria;Gammaproteobacteria;Pseudomonadales;Pseudomonadaceae;Pseudomonas	0.0	0.0	0.0	0.0	0.0	0.0	0.0	0.0	0.000176953567384	0.0	0.0	0.0	0.0	0.0	5.14933058702e-05	0.0	0.0	0.0	0.0	0.0
Bacteria;Proteobacteria;Other;Other;Other;Other	0.0	0.0	0.0	0.00239234449761	0.0	0.0	0.0	0.0	0.0	0.0	5.34330750735e-05	0.0	0.0	0.0	1.71644352901e-05	0.0	0.0	0.0	0.0	0.0
Bacteria;TM7;TM7_genera_incertae_sedis;Other;Other;Other	0.0	0.0	9.94381743151e-05	0.0	0.0	0.0	0.0	0.0	7.07814269536e-05	0.0	0.000106866150147	0.0	0.0	0.0	6.86577411603e-05	0.0	0.000117403044652	0.0	0.0	0.0
Bacteria;Tenericutes;Mollicutes;Anaeroplasmatales;Anaeroplasmataceae;Anaeroplasma	0.0	0.0	0.0	0.0	0.0	0.0	0.00617283950617	0.0	0.00010617214043	0.0	0.0	0.0	0.000142633005277	0.0	0.0010298661174	0.0	0.0	4.24448217317e-05	0.000811754200828	0.0
Bacteria;Verrucomicrobia;Verrucomicrobiae;Verrucomicrobiales;Verrucomicrobiaceae;Akkermansia	0.0	0.0	0.0	0.0	0.0	0.0	0.0	0.0	0.0	0.0	0.0	0.000140311491511	0.0	8.74699322108e-05	0.0	0.0	0.0	0.0	0.0	0.0
